1446
2998
4553
6059
7663
9154
10735
12272
13803
15289
16890
18411
19965
21455
22971
24559
26094
27583
29129
30647
32196
33765
35242
36796
38400
39903
41420
42988
44526
46075
47547
49044
50649
52201
53710
55273
56770
58365
59823
61392
62921
64418
65968
67536
69095
70595
72184
73608
75189
76743
78253
79766
81371
82928
84457
85929
87429
89043
90578
92158
93656
95217
96752
98179
99747
101327
102854
104377
105859
107514
109014
110573
112081
113664
115140
116709
118228
119757
121226
122880
124375
125875
127407
128857
130470
132078
133504
135112
136602
138186
139773
141295
142801
144305
145793
147366
148966
150457
152061
153489
155022
156534
158005
159716
161216
162793
164202
165817
167405
168825
170465
171944
173428
175100
176544
178064
179561
181178
182784
184250
185770
187327
188888
190450
191895
193475
195015
196553
198001
199591
201167
202722
204266
205755
207260
208828
210331
211834
213454
214919
216568
218097
219598
221115
222666
224126
225792
227274
228836
230368
231787
233452
234991
236444
237981
239539
241013
242652
244207
245752
247224
248793
250316
251850
253296
254959
256492
257886
259570
261118
262515
264188
265576
267260
268777
270270
271752
273323
274928
276392
277961
279538
281023
282558
284158
285685
287116
288717
290208
291733
293242
294865
296280
297900
299460
301050
302517
304075
305615
307104
308632
310120
311749
313208
314823
316244
317883
319486
320885
322452
324029
325628
327019
328697
330079
331743
333254
334773
336334
337845
339409
340888
342491
344036
345530
347051
348620
350201
351716
353221
354773
356271
357881
359395
360877
362493
363937
365517
367003
368591
370149
371675
373224
374706
376239
377820
379258
380836
