779259
780796
780796
782333
783870
785407
786944
788481
790018
791555
793092
794629
796166
797703
799240
800777
802314
803851
805388
806925
808462
809999
811536
813073
814610
816147
817684
819221
820758
822295
823832
825369
826906
828443
829980
831517
833054
834591
836128
837665
839202
840739
842276
843813
845350
846887
848424
849961
851498
853035
854572
856109
857646
859183
860720
862257
863794
865331
866868
868405
869942
871479
873016
874553
876090
877627
879164
880701
882238
883775
885312
886849
888386
889923
891460
892997
894534
896071
897608
899145
900682
902219
903756
905293
906830
908367
909904
911441
912978
914515
916052
917589
919126
920663
922200
923737
925274
926811
928348
929885
931422
932959
934496
936033
937570
936033
937570
939107
940644
942181
943718
945255
946792
948329
949866
951403
952940
954477
956014
957551
959088
960625
962162
963699
965236
966773
968310
969847
971384
972921
974458
975995
977532
979069
980606
982143
983680
985217
986754
988291
989828
991365
992902
994439
995976
997513
999050
1000587
1002124
1003661
1005198
1006735
1008272
1009809
1011346
1012883
1014420
1015957
1017494
1019031
1020568
1022105
1023642
1025179
1026716
1028253
1029790
1029790
1031327
1031327
1032864
1032864
1034401
1034401
1035938
1035938
1037475
1037475
1039012
1039012
1040549
1040549
1042086
1042086
1043623
1043623
1045160
1045160
1046697
1046697
1048234
1048234
1049771
1049771
1051308
1051308
1052845
1052845
1054382
1055919
1055919
1057456
1057456
1058993
1060530
1062067
1063604
1065141
1066678
1068215
1069752
1071289
1072826
1074363
1075900
1077437
1078974
1080511
1082048
1083585
1085122
1086659
1088196
1089733
1091270
1092807
1094344
1095881
1097418
1098955
1100492
1102029
1103566
1105103
1106640
1108177
1109714
1111251
1112788
1114325
1115862
1117399
1118936
1120473
1122010
1123547
1125084
1126621
1128158
1129695
1131232
1132769
1134306
1135843
1137380
1138917
1140454
1141991
1143528
1145065
1146602
1148139
1149676
1151213
1152750
1151213
1152750
1154287
1155824
1157361
1158898
1160435
1161972
1163509
1165046
1166583
1168120
1169657
1171194
1172731
1174268
1175805
1177342
1178879
1180416
1181953
1183490
1185027
1186564
1188101
1189638
1191175
1192712
1194249
1195786
1197323
1198860
1200397
1201934
1203471
1205008
1206545
1208082
1209619
1211156
1212693
1214230
1215767
1217304
1218841
1220378
1221915
1223452
1224989
1226526
1228063
1229600
1231137
1232674
1234211
1235748
1237285
1238822
1240359
1241896
1243433
1244970
1246507
1248044
1249581
1251118
1252655
1254192
1255729
1257266
1258803
1260340
1261877
1263414
1264951
1266488
1268025
1269562
1271099
1272636
1274173
1275710
